600,634,600,634,30,30,4.00
600,634,601,634,29,30,4.00
600,634,600,635,30,29,4.00
600,634,600,634,30,30,4.00
600,634,600,634,30,30,4.00
600,634,600,634,30,30,4.00
600,634,600,635,30,29,4.00
600,634,600,634,30,30,4.00
600,634,601,634,29,30,4.00
600,634,600,634,30,30,4.00
600,634,600,634,30,30,4.00
600,634,600,634,30,30,4.00
600,634,600,635,30,29,4.00
600,634,600,634,30,30,4.00
600,634,600,634,30,30,4.00
600,634,600,634,30,30,4.00
600,634,600,634,30,30,4.00
600,634,600,634,30,30,4.00
600,634,600,635,30,29,4.00
600,634,600,634,30,30,4.00
600,634,600,635,30,29,4.00
600,634,600,634,30,30,4.00
600,634,600,634,30,30,4.00
600,634,600,634,30,30,4.00
600,634,600,634,30,30,4.00
600,634,600,635,30,29,4.00
600,634,600,634,30,30,4.00
600,634,600,635,30,29,4.00
600,634,600,635,30,29,4.00
600,634,600,635,30,29,4.00
600,634,600,635,30,29,4.00
600,634,601,634,29,30,4.00
600,634,600,635,30,29,4.00
600,634,600,635,30,29,4.00
600,634,601,635,29,29,4.00
600,634,600,635,30,29,4.00
600,634,601,635,29,29,4.00
600,634,600,634,30,30,4.00
600,634,600,634,30,30,4.00
600,634,600,635,30,29,4.00
600,634,600,635,30,29,4.00
600,634,600,635,30,29,4.00
600,634,600,635,30,29,4.00
600,634,601,635,29,29,4.00
600,634,600,635,30,29,4.00
600,634,600,635,30,29,4.00
600,634,600,635,30,29,4.00
600,634,601,635,29,29,4.00
600,634,601,635,29,29,4.00
600,634,601,635,29,29,4.00
600,634,600,635,30,29,4.00
600,634,601,635,29,29,4.00
600,634,601,635,29,29,4.00
600,634,600,635,30,29,4.00
600,634,600,635,30,29,4.00
600,634,601,635,29,29,4.00
600,634,601,635,29,29,4.00
600,634,601,635,29,29,4.00
600,634,600,635,30,29,4.00
600,634,601,635,29,29,4.00
600,634,600,634,30,30,4.00
600,634,600,635,30,29,4.00
600,634,600,635,30,29,4.00
600,634,600,635,30,29,4.00
600,634,600,635,30,29,4.00
600,634,600,635,30,29,4.00
600,634,600,635,30,29,4.00
600,634,600,635,30,29,4.00
600,634,600,635,30,29,4.00
600,634,600,635,30,29,4.00
600,634,600,635,30,29,4.00
600,634,600,635,30,29,4.00
600,634,600,635,30,29,4.00
600,634,600,635,30,29,4.00
600,634,600,635,30,29,4.00
600,634,600,635,30,29,4.00
600,634,600,635,30,29,4.00
600,634,600,634,30,30,4.00
600,634,600,635,30,29,4.00
600,634,600,635,30,29,4.00
600,634,600,635,30,29,4.00
600,634,600,634,30,30,4.00
600,634,600,635,30,29,4.00
600,634,600,635,30,29,4.00
600,634,600,635,30,29,4.00
600,634,600,635,30,29,4.00
600,634,600,635,30,29,4.00
600,634,600,635,30,29,4.00
600,634,600,635,30,29,4.00
600,634,600,634,30,30,4.00
600,634,600,634,30,30,4.00
600,634,600,635,30,29,4.00
600,634,600,635,30,29,4.00
600,634,600,635,30,29,4.00
600,634,600,635,30,29,4.00
600,634,600,635,30,29,4.00
600,634,600,635,30,29,4.00
600,634,600,635,30,29,4.00
600,634,600,635,30,29,4.00
600,634,600,634,30,30,4.00
600,634,600,635,30,29,4.00
600,634,600,635,30,29,4.00
600,634,600,635,30,29,4.00
600,634,600,635,30,29,4.00
600,634,600,634,30,30,4.00
600,634,600,635,30,29,4.00
600,634,600,635,30,29,4.00
600,634,600,635,30,29,4.00
600,634,600,635,30,29,4.00
600,634,600,635,30,29,4.00
600,634,600,634,30,30,4.00
600,634,600,634,30,30,4.00
600,634,600,634,30,30,4.00
600,634,600,635,30,29,4.00
600,634,600,635,30,29,4.00
600,634,600,635,30,29,4.00
600,634,600,635,30,29,4.00
600,634,600,635,30,29,4.00
600,634,600,635,30,29,4.00
600,634,600,635,30,29,4.00
600,634,600,635,30,29,4.00
600,634,600,635,30,29,4.00
600,634,600,635,30,29,4.00
600,634,600,635,30,29,4.00
600,634,600,635,30,29,4.00
600,634,600,635,30,29,4.00
600,634,600,635,30,29,4.00
600,634,600,635,30,29,4.00
600,634,600,635,30,29,4.00
600,634,600,635,30,29,4.00
600,634,600,635,30,29,4.00
600,634,600,635,30,29,4.00
600,634,600,635,30,29,4.00
600,634,600,635,30,29,4.00
600,634,600,635,30,29,4.00
600,634,600,635,30,29,4.00
600,634,600,635,30,29,4.00
600,634,600,635,30,29,4.00
600,634,600,635,30,29,4.00
600,634,601,635,29,29,4.00
600,634,600,635,30,29,4.00
600,634,600,635,30,29,4.00
600,634,600,635,30,29,4.00
600,634,600,635,30,29,4.00
600,634,600,635,30,29,4.00
600,634,600,635,30,29,4.00
600,634,600,635,30,29,4.00
600,634,600,635,30,29,4.00
600,634,600,635,30,29,4.00
600,634,600,635,30,29,4.00
600,634,600,635,30,29,4.00
600,634,600,635,30,29,4.00
600,634,600,635,30,29,4.00
600,634,600,635,30,29,4.00
600,634,600,635,30,29,4.00
600,634,600,635,30,29,4.00
600,634,600,635,30,29,4.00
600,634,600,635,30,29,4.00
600,634,600,635,30,29,4.00
600,634,600,635,30,29,4.00
600,634,600,635,30,29,4.00
600,634,600,635,30,29,4.00
600,634,600,635,30,29,4.00
600,634,600,635,30,29,4.00
600,634,600,635,30,29,4.00
600,634,600,635,30,29,4.00
600,634,600,635,30,29,4.00
600,634,600,635,30,29,4.00
600,634,600,635,30,29,4.00
600,634,600,635,30,29,4.00
600,634,600,635,30,29,4.00
600,634,600,635,30,29,4.00
600,634,600,635,30,29,4.00
600,634,600,635,30,29,4.00
600,634,600,635,30,29,4.00
600,634,600,635,30,29,4.00
600,634,600,635,30,29,4.00
600,634,600,635,30,29,4.00
600,634,600,635,30,29,4.00
600,634,600,635,30,29,4.00
600,634,600,635,30,29,4.00
600,634,600,635,30,29,4.00
600,634,600,635,30,29,4.00
600,634,600,635,30,29,4.00
600,634,600,635,30,29,4.00
600,634,600,635,30,29,4.00
600,634,600,635,30,29,4.00
600,634,600,635,30,29,4.00
600,634,600,635,30,29,4.00
600,634,600,635,30,29,4.00
600,634,600,635,30,29,4.00
600,634,600,635,30,29,4.00
600,634,600,635,30,29,4.00
600,634,600,635,30,29,4.00
600,634,600,635,30,29,4.00
600,634,600,635,30,29,4.00
600,634,600,635,30,29,4.00
600,634,600,635,30,29,4.00
600,634,600,635,30,29,4.00
600,634,600,635,30,29,4.00
600,634,600,635,30,29,4.00
600,634,600,635,30,29,4.00
600,634,600,635,30,29,4.00
600,634,600,635,30,29,4.00
600,634,600,635,30,29,4.00
600,634,600,635,30,29,4.00
600,634,600,635,30,29,4.00
600,634,600,635,30,29,4.00
600,634,600,635,30,29,4.00
600,634,600,635,30,29,4.00
600,634,600,635,30,29,4.00
600,634,600,635,30,29,4.00
600,634,600,635,30,29,4.00
600,634,600,635,30,29,4.00
600,634,600,635,30,29,4.00
600,634,600,635,30,29,4.00
600,634,600,635,30,29,4.00
600,634,600,635,30,29,4.00
600,634,600,635,30,29,4.00
600,634,600,635,30,29,4.00
600,634,600,635,30,29,4.00
600,634,600,635,30,29,4.00
600,634,600,635,30,29,4.00
600,634,600,635,30,29,4.00
600,634,600,635,30,29,4.00
600,634,600,635,30,29,4.00
600,634,600,635,30,29,4.00
600,634,600,635,30,29,4.00
600,634,600,635,30,29,4.00
600,634,600,635,30,29,4.00
600,634,600,635,30,29,4.00
600,634,600,635,30,29,4.00
600,634,600,635,30,29,4.00
600,634,600,635,30,29,4.00
600,634,600,635,30,29,4.00
600,634,600,635,30,29,4.00
600,634,600,635,30,29,4.00
600,634,600,635,30,29,4.00
600,634,600,635,30,29,4.00
600,634,600,635,30,29,4.00
600,634,600,635,30,29,4.00
600,634,600,635,30,29,4.00
600,634,600,635,30,29,4.00
600,634,600,635,30,29,4.00
600,634,600,635,30,29,4.00
600,634,600,635,30,29,4.00
600,634,600,635,30,29,4.00
600,634,600,635,30,29,4.00
600,634,600,635,30,29,4.00
600,634,600,635,30,29,4.00
600,634,600,635,30,29,4.00
600,634,600,635,30,29,4.00
600,634,600,635,30,29,4.00
600,634,600,635,30,29,4.00
600,634,600,635,30,29,4.00
600,634,600,635,30,29,4.00
600,634,600,635,30,29,4.00
600,634,600,635,30,29,4.00
600,634,600,635,30,29,4.00
600,634,600,635,30,29,4.00
600,634,600,635,30,29,4.00
600,634,600,635,30,29,4.00
600,634,600,635,30,29,4.00
600,634,600,635,30,29,4.00
600,634,600,635,30,29,4.00
600,634,600,635,30,29,4.00
600,634,600,635,30,29,4.00
600,634,600,635,30,29,4.00
600,634,600,635,30,29,4.00
600,634,600,635,30,29,4.00
600,634,600,635,30,29,4.00
600,634,600,635,30,29,4.00
600,634,600,635,30,29,4.00
600,634,600,635,30,29,4.00
600,634,600,636,30,29,4.00
600,634,600,635,30,29,4.00
600,634,600,635,30,29,4.00
600,634,600,635,30,29,4.00
600,634,600,635,30,29,4.00
600,634,600,635,30,29,4.00
600,634,600,635,30,29,4.00
600,634,600,635,30,29,4.00
600,634,600,635,30,29,4.00
600,634,600,635,30,29,4.00
600,634,600,635,30,29,4.00
600,634,600,635,30,29,4.00
600,634,600,635,30,29,4.00
600,634,600,635,30,29,4.00
600,634,600,635,30,29,4.00
600,634,600,635,30,29,4.00
600,634,600,635,30,29,4.00
600,634,600,635,30,29,4.00
600,634,600,635,30,29,4.00
600,634,600,635,30,29,4.00
600,634,600,635,30,29,4.00
600,634,600,636,30,29,4.00
600,634,600,636,30,29,4.00
600,634,600,635,30,29,4.00
600,634,600,636,30,29,4.00
600,634,600,636,30,29,4.00
600,634,600,636,30,29,4.00
600,634,600,636,30,29,4.00
600,634,600,636,30,29,4.00
600,634,600,635,30,29,4.00
600,634,600,635,30,29,4.00
600,634,600,636,30,29,4.00
600,634,600,636,30,29,4.00
600,634,600,635,30,29,4.00
600,634,600,636,30,29,4.00
600,634,600,636,30,29,4.00
600,634,600,636,30,29,4.00
600,634,600,636,30,29,4.00
600,634,601,637,29,29,4.00
600,634,602,640,29,28,4.00
600,634,602,639,29,28,4.00
600,634,604,642,29,28,4.00
600,634,604,643,29,27,4.00
600,634,604,643,29,27,4.00
600,634,604,644,29,27,4.00
600,634,603,643,29,27,4.00
600,634,601,642,29,28,4.00
600,634,599,641,30,28,4.00
600,634,597,640,30,28,4.00
600,634,595,640,31,28,4.00
600,634,593,640,31,28,4.00
600,634,589,640,32,28,4.00
600,634,585,639,33,28,4.00
600,634,586,640,33,28,4.00
600,634,590,641,32,28,4.00
600,634,591,642,32,28,4.00
600,634,593,641,31,28,4.00
600,634,592,641,32,28,4.00
600,634,592,642,32,28,4.00
600,634,589,643,32,27,4.00
600,634,584,645,34,27,4.00
600,634,585,644,33,27,4.00
600,634,591,641,32,28,4.00
600,634,595,640,31,28,4.00
600,634,596,640,31,28,4.00
600,634,598,640,30,28,4.00
600,634,597,641,30,28,4.00
600,634,598,643,30,27,4.00
600,634,596,642,31,28,4.00
600,634,595,641,31,28,4.00
600,634,595,641,31,28,4.00
600,634,596,642,31,28,4.00
600,634,596,643,31,27,4.00
600,634,595,644,31,27,4.00
600,634,594,645,31,27,4.00
600,634,594,644,31,27,4.00
600,634,595,642,31,28,4.00
600,634,596,642,31,28,4.00
600,634,597,644,30,27,4.00
600,634,597,643,30,27,4.00
600,634,596,641,31,28,4.00
600,634,595,640,31,28,4.00
600,634,594,639,31,28,4.00
600,634,594,639,31,28,4.00
600,634,594,639,31,28,4.00
600,634,595,639,31,28,4.00
600,634,595,639,31,28,4.00
600,634,595,640,31,28,4.00
600,634,595,640,31,28,4.00
600,634,594,639,31,28,4.00
600,634,593,638,31,29,4.00
600,634,593,638,31,29,4.00
600,634,594,638,31,29,4.00
600,634,594,640,31,28,4.00
600,634,594,640,31,28,4.00
600,634,593,639,31,28,4.00
600,634,592,638,32,29,4.00
600,634,592,638,32,29,4.00
600,634,592,638,32,29,4.00
600,634,592,638,32,29,4.00
600,634,592,638,32,29,4.00
600,634,592,638,32,29,4.00
600,634,592,637,32,29,4.00
600,634,592,637,32,29,4.00
600,634,592,636,32,29,4.00
600,634,591,636,32,29,4.00
600,634,591,636,32,29,4.00
600,634,590,636,32,29,4.00
600,634,589,636,32,29,4.00
600,634,590,636,32,29,4.00
600,634,590,636,32,29,4.00
600,634,590,635,32,29,4.00
600,634,590,636,32,29,4.00
600,634,590,635,32,29,4.00
600,634,590,635,32,29,4.00
600,634,590,635,32,29,4.00
600,634,590,635,32,29,4.00
600,634,590,635,32,29,4.00
600,634,590,635,32,29,4.00
600,634,590,637,32,29,4.00
600,634,591,637,32,29,4.00
600,634,591,637,32,29,4.00
600,634,591,637,32,29,4.00
600,634,590,636,32,29,4.00
600,634,591,636,32,29,4.00
600,634,591,636,32,29,4.00
600,634,592,637,32,29,4.00
600,634,591,636,32,29,4.00
600,634,591,636,32,29,4.00
600,634,590,636,32,29,4.00
600,634,590,635,32,29,4.00
600,634,589,634,32,30,4.00
600,634,590,635,32,29,4.00
600,634,590,635,32,29,4.00
600,634,590,636,32,29,4.00
600,634,589,636,32,29,4.00
600,634,589,635,32,29,4.00
600,634,589,635,32,29,4.00
600,634,589,635,32,29,4.00
600,634,589,635,32,29,4.00
600,634,590,636,32,29,4.00
600,634,590,636,32,29,4.00
600,634,589,636,32,29,4.00
600,634,589,636,32,29,4.00
600,634,589,636,32,29,4.00
600,634,589,636,32,29,4.00
600,634,590,638,32,29,4.00
600,634,590,639,32,28,4.00
600,634,590,638,32,29,4.00
600,634,590,638,32,29,4.00
600,634,591,638,32,29,4.00
600,634,592,638,32,29,4.00
600,634,592,639,32,28,4.00
600,634,591,638,32,29,4.00
600,634,591,638,32,29,4.00
600,634,591,638,32,29,4.00
600,634,591,638,32,29,4.00
600,634,591,638,32,29,4.00
600,634,592,639,32,28,4.00
600,634,591,638,32,29,4.00
600,634,592,639,32,28,4.00
600,634,592,639,32,28,4.00
600,634,591,638,32,29,4.00
600,634,591,638,32,29,4.00
600,634,591,638,32,29,4.00
600,634,591,637,32,29,4.00
600,634,591,637,32,29,4.00
600,634,590,637,32,29,4.00
600,634,590,637,32,29,4.00
600,634,590,637,32,29,4.00
600,634,591,637,32,29,4.00
600,634,590,636,32,29,4.00
600,634,590,637,32,29,4.00
600,634,590,637,32,29,4.00
600,634,591,638,32,29,4.00
600,634,590,638,32,29,4.00
600,634,590,637,32,29,4.00
600,634,590,638,32,29,4.00
600,634,581,630,34,31,4.00
600,634,593,645,31,27,4.00
600,634,622,641,24,28,4.00
600,634,665,616,13,34,4.00
600,634,649,619,17,33,4.00
600,634,626,627,23,31,4.00
600,634,560,655,40,24,4.00
600,634,529,716,47,9,4.00
600,634,545,706,43,12,4.00
600,634,615,679,26,18,4.00
600,634,739,582,0,43,4.00
600,634,794,577,0,44,4.00
600,634,764,611,0,35,4.00
600,634,650,613,17,35,4.00
600,634,466,695,63,14,4.00
600,634,413,828,76,0,4.00
600,634,432,840,72,0,4.00
600,634,521,755,49,0,4.00
600,634,644,638,19,29,4.00
600,634,804,650,0,26,4.00
600,634,834,616,0,34,4.00
600,634,827,586,0,42,4.00
600,634,785,590,0,41,4.00
600,634,719,624,0,32,4.00
600,634,551,682,42,18,4.00
600,634,512,826,52,0,4.00
600,634,488,828,58,0,4.00
600,634,542,772,44,0,4.00
600,634,577,645,35,27,4.00
600,634,754,607,0,36,4.00
600,634,836,616,0,34,4.00
600,634,841,589,0,41,4.00
600,634,793,597,0,39,4.00
600,634,715,642,1,28,4.00
600,634,561,712,39,10,4.00
600,634,521,848,49,0,4.00
600,634,522,877,49,0,4.00
600,634,528,831,48,0,4.00
600,634,631,700,22,13,4.00
600,634,781,664,0,22,4.00
600,634,829,660,0,23,4.00
600,634,846,663,0,22,4.00
600,634,835,671,0,20,4.00
600,634,777,667,0,21,4.00
600,634,731,666,0,22,4.00
600,634,662,674,14,20,4.00
600,634,605,705,28,12,4.00
600,634,559,754,40,0,4.00
600,634,560,789,40,0,4.00
600,634,574,757,36,0,4.00
600,634,589,693,32,15,4.00
600,634,706,651,3,25,4.00
600,634,755,641,0,28,4.00
600,634,765,648,0,26,4.00
600,634,720,674,0,20,4.00
600,634,607,702,28,13,4.00
600,634,549,761,42,0,4.00
600,634,568,779,38,0,4.00
600,634,595,738,31,4,4.00
600,634,633,661,21,23,4.00
600,634,737,647,0,26,4.00
600,634,791,652,0,25,4.00
600,634,778,648,0,26,4.00
600,634,713,657,1,24,4.00
600,634,623,684,24,17,4.00
600,634,585,736,33,4,4.00
600,634,579,784,35,0,4.00
600,634,574,747,36,1,4.00
600,634,597,663,30,22,4.00
600,634,739,643,0,27,4.00
600,634,782,621,0,33,4.00
600,634,779,601,0,38,4.00
600,634,696,622,6,33,4.00
600,634,538,696,45,14,4.00
600,634,521,819,49,0,4.00
600,634,491,844,57,0,4.00
600,634,505,743,53,2,4.00
600,634,604,638,29,29,4.00
600,634,741,627,0,31,4.00
600,634,820,635,0,29,4.00
600,634,786,617,0,34,4.00
600,634,713,616,1,34,4.00
600,634,620,632,25,30,4.00
600,634,532,730,47,6,4.00
600,634,534,833,46,0,4.00
600,634,551,857,42,0,4.00
600,634,581,785,34,0,4.00
600,634,597,694,30,15,4.00
600,634,706,597,3,39,4.00
600,634,743,621,0,33,4.00
600,634,748,639,0,28,4.00
600,634,632,658,22,24,4.00
600,634,570,729,37,6,4.00
600,634,567,778,38,0,4.00
600,634,578,764,35,0,4.00
600,634,619,686,25,17,4.00
600,634,724,646,0,27,4.00
600,634,770,646,0,27,4.00
600,634,754,638,0,29,4.00
600,634,649,676,17,19,4.00
600,634,586,745,33,2,4.00
600,634,567,825,38,0,4.00
600,634,581,801,34,0,4.00
600,634,612,737,27,4,4.00
600,634,650,683,17,17,4.00
600,634,760,669,0,21,4.00
600,634,771,684,0,17,4.00
600,634,753,676,0,19,4.00
600,634,657,680,15,18,4.00
600,634,625,697,23,14,4.00
600,634,601,720,29,8,4.00
600,634,553,742,41,3,4.00
600,634,565,727,38,6,4.00
600,634,592,661,32,23,4.00
600,634,702,633,4,30,4.00
600,634,787,662,0,23,4.00
600,634,755,670,0,21,4.00
600,634,581,691,34,15,4.00
600,634,564,710,39,11,4.00
600,634,562,728,39,6,4.00
600,634,533,699,46,13,4.00
600,634,674,698,11,14,4.00
600,634,743,660,0,23,4.00
600,634,735,638,0,29,4.00
600,634,688,653,8,25,4.00
600,634,649,691,17,15,4.00
600,634,569,772,37,0,4.00
600,634,527,854,48,0,4.00
600,634,520,830,50,0,4.00
600,634,590,746,32,2,4.00
600,634,625,662,23,23,4.00
600,634,739,667,0,21,4.00
600,634,801,669,0,21,4.00
600,634,794,650,0,26,4.00
600,634,726,652,0,25,4.00
600,634,604,656,29,24,4.00
600,634,502,698,54,14,4.00
600,634,494,785,56,0,4.00
600,634,514,807,51,0,4.00
600,634,532,751,47,0,4.00
600,634,636,642,21,28,4.00
600,634,767,610,0,36,4.00
600,634,830,624,0,32,4.00
600,634,811,626,0,32,4.00
600,634,719,624,0,32,4.00
600,634,544,628,44,31,4.00
600,634,475,766,61,0,4.00
600,634,487,871,58,0,4.00
600,634,487,862,58,0,4.00
600,634,552,764,42,0,4.00
600,634,651,659,17,23,4.00
600,634,769,665,0,22,4.00
600,634,828,677,0,19,4.00
600,634,787,670,0,21,4.00
600,634,736,673,0,20,4.00
600,634,633,684,21,17,4.00
600,634,575,752,36,0,4.00
600,634,539,782,45,0,4.00
600,634,551,764,42,0,4.00
600,634,609,690,27,16,4.00
600,634,706,680,3,18,4.00
600,634,737,674,0,20,4.00
600,634,752,656,0,24,4.00
600,634,748,660,0,23,4.00
600,634,734,682,0,18,4.00
600,634,635,741,21,3,4.00
600,634,634,779,21,0,4.00
600,634,582,802,34,0,4.00
600,634,604,785,29,0,4.00
600,634,641,754,19,0,4.00
600,634,701,722,4,8,4.00
600,634,732,706,0,12,4.00
600,634,738,694,0,15,4.00
600,634,739,696,0,14,4.00
600,634,743,700,0,13,4.00
600,634,742,701,0,13,4.00
600,634,741,699,0,13,4.00
600,634,741,700,0,13,4.00
600,634,741,700,0,13,4.00
600,634,741,699,0,13,4.00
600,634,741,700,0,13,4.00
600,634,741,699,0,13,4.00
600,634,741,699,0,13,4.00
600,634,740,699,0,13,4.00
600,634,740,698,0,14,4.00
600,634,740,699,0,13,4.00
600,634,740,699,0,13,4.00
600,634,740,698,0,14,4.00
600,634,740,698,0,14,4.00
600,634,740,698,0,14,4.00
600,634,739,697,0,14,4.00
600,634,739,697,0,14,4.00
600,634,739,697,0,14,4.00
600,634,739,697,0,14,4.00
600,634,739,697,0,14,4.00
600,634,739,697,0,14,4.00
600,634,739,697,0,14,4.00
600,634,739,697,0,14,4.00
600,634,739,697,0,14,4.00
600,634,739,697,0,14,4.00
600,634,739,697,0,14,4.00
600,634,739,697,0,14,4.00
600,634,739,697,0,14,4.00
600,634,739,698,0,14,4.00
600,634,739,698,0,14,4.00
600,634,739,698,0,14,4.00
600,634,740,698,0,14,4.00
600,634,740,698,0,14,4.00
600,634,739,698,0,14,4.00
600,634,739,698,0,14,4.00
600,634,739,698,0,14,4.00
600,634,739,698,0,14,4.00
600,634,739,698,0,14,4.00
600,634,739,698,0,14,4.00
600,634,739,698,0,14,4.00
600,634,739,698,0,14,4.00
600,634,739,697,0,14,4.00
600,634,739,697,0,14,4.00
600,634,739,697,0,14,4.00
600,634,739,697,0,14,4.00
600,634,739,697,0,14,4.00
600,634,739,697,0,14,4.00
600,634,739,697,0,14,4.00
600,634,739,697,0,14,4.00
600,634,739,697,0,14,4.00
600,634,739,697,0,14,4.00
600,634,739,697,0,14,4.00
600,634,739,697,0,14,4.00
600,634,739,698,0,14,4.00
600,634,739,698,0,14,4.00
600,634,739,698,0,14,4.00
600,634,740,698,0,14,4.00
600,634,740,699,0,13,4.00
600,634,740,699,0,13,4.00
600,634,740,699,0,13,4.00
600,634,740,699,0,13,4.00
600,634,740,699,0,13,4.00
600,634,740,699,0,13,4.00
600,634,740,699,0,13,4.00
600,634,740,699,0,13,4.00
600,634,740,699,0,13,4.00
600,634,740,699,0,13,4.00
600,634,740,699,0,13,4.00
600,634,740,699,0,13,4.00
600,634,740,699,0,13,4.00
600,634,740,699,0,13,4.00
600,634,740,699,0,13,4.00
600,634,740,699,0,13,4.00
600,634,740,699,0,13,4.00
600,634,740,699,0,13,4.00
600,634,740,699,0,13,4.00
600,634,740,699,0,13,4.00
600,634,740,699,0,13,4.00
600,634,740,699,0,13,4.00
600,634,740,699,0,13,4.00
600,634,740,699,0,13,4.00
600,634,740,698,0,14,4.00
600,634,740,698,0,14,4.00
600,634,740,698,0,14,4.00
600,634,740,698,0,14,4.00
600,634,739,698,0,14,4.00
600,634,739,698,0,14,4.00
600,634,739,698,0,14,4.00
600,634,739,698,0,14,4.00
600,634,739,698,0,14,4.00
600,634,739,698,0,14,4.00
600,634,739,698,0,14,4.00
600,634,740,698,0,14,4.00
600,634,740,698,0,14,4.00
600,634,740,699,0,13,4.00
600,634,740,699,0,13,4.00
600,634,740,699,0,13,4.00
600,634,740,699,0,13,4.00
600,634,741,699,0,13,4.00
600,634,740,699,0,13,4.00
600,634,740,699,0,13,4.00
600,634,740,699,0,13,4.00
600,634,740,699,0,13,4.00
600,634,740,699,0,13,4.00
600,634,740,699,0,13,4.00
600,634,740,699,0,13,4.00
600,634,740,699,0,13,4.00
600,634,740,699,0,13,4.00
600,634,740,699,0,13,4.00
600,634,740,699,0,13,4.00
600,634,740,699,0,13,4.00
600,634,740,699,0,13,4.00
600,634,740,699,0,13,4.00
600,634,740,699,0,13,4.00
600,634,740,699,0,13,4.00
600,634,740,699,0,13,4.00
600,634,740,699,0,13,4.00
600,634,740,699,0,13,4.00
600,634,740,699,0,13,4.00
600,634,740,700,0,13,4.00
600,634,740,699,0,13,4.00
600,634,740,700,0,13,4.00
600,634,740,700,0,13,4.00
600,634,740,700,0,13,4.00
600,634,740,700,0,13,4.00
600,634,740,700,0,13,4.00
600,634,740,700,0,13,4.00
600,634,740,700,0,13,4.00
600,634,740,700,0,13,4.00
600,634,740,700,0,13,4.00
600,634,740,700,0,13,4.00
600,634,740,699,0,13,4.00
600,634,740,699,0,13,4.00
600,634,740,699,0,13,4.00
600,634,740,699,0,13,4.00
600,634,740,699,0,13,4.00
600,634,740,699,0,13,4.00
600,634,740,699,0,13,4.00
600,634,740,698,0,14,4.00
600,634,739,698,0,14,4.00
600,634,739,698,0,14,4.00
600,634,740,698,0,14,4.00
600,634,740,699,0,13,4.00
600,634,740,699,0,13,4.00
600,634,739,699,0,13,4.00
600,634,740,699,0,13,4.00
600,634,740,699,0,13,4.00
600,634,740,699,0,13,4.00
600,634,740,699,0,13,4.00
600,634,740,700,0,13,4.00
600,634,740,700,0,13,4.00
600,634,740,700,0,13,4.00
600,634,740,700,0,13,4.00
600,634,740,700,0,13,4.00
600,634,741,700,0,13,4.00
600,634,740,700,0,13,4.00
600,634,741,700,0,13,4.00
600,634,741,700,0,13,4.00
600,634,741,700,0,13,4.00
600,634,741,700,0,13,4.00
600,634,741,700,0,13,4.00
600,634,740,700,0,13,4.00
600,634,740,700,0,13,4.00
600,634,740,700,0,13,4.00
600,634,740,700,0,13,4.00
600,634,740,700,0,13,4.00
600,634,740,700,0,13,4.00
600,634,740,699,0,13,4.00
600,634,740,700,0,13,4.00
600,634,740,700,0,13,4.00
600,634,740,700,0,13,4.00
600,634,740,700,0,13,4.00
600,634,740,700,0,13,4.00
600,634,740,700,0,13,4.00
600,634,740,700,0,13,4.00
600,634,740,700,0,13,4.00
600,634,740,700,0,13,4.00
600,634,740,700,0,13,4.00
600,634,740,700,0,13,4.00
600,634,740,700,0,13,4.00
600,634,740,700,0,13,4.00
600,634,740,700,0,13,4.00
600,634,740,700,0,13,4.00
600,634,740,700,0,13,4.00
600,634,740,700,0,13,4.00
600,634,740,700,0,13,4.00
600,634,740,700,14,22,9.00
600,634,740,699,14,22,9.00
600,634,740,700,14,22,9.00
600,634,739,700,14,22,9.00
600,634,739,707,14,21,9.00
600,634,654,740,24,18,9.00
600,634,597,785,30,13,9.00
600,634,564,837,34,7,9.00
600,634,545,844,36,6,9.00
600,634,512,875,39,3,9.00
600,634,505,854,40,5,9.00
600,634,536,795,37,12,9.00
600,634,569,744,33,17,9.00
600,634,585,770,31,14,9.00
600,634,544,779,36,13,9.00
600,634,536,784,37,13,9.00
600,634,548,778,35,14,9.00
600,634,556,780,34,13,9.00
600,634,541,770,36,14,9.00
600,634,549,756,35,16,9.00
600,634,541,738,36,18,9.00
600,634,570,728,33,19,9.00
600,634,577,705,32,22,9.00
600,634,589,674,31,25,9.00
600,634,541,652,36,28,9.00
600,634,531,641,37,29,9.00
600,634,520,659,38,27,9.00
600,634,529,651,37,28,9.00
600,634,511,676,39,25,9.00
600,634,490,657,42,27,9.00
600,634,470,638,44,29,9.00
600,634,472,686,44,24,9.00
600,634,512,667,39,26,9.00
600,634,493,637,41,29,9.00
600,634,511,689,39,23,9.00
600,634,531,684,37,24,9.00
600,634,518,661,39,27,9.00
600,634,580,666,32,26,9.00
600,634,586,671,31,25,9.00
600,634,617,659,28,27,9.00
600,634,608,655,29,27,9.00
600,634,615,668,28,26,9.00
600,634,588,668,31,26,9.00
600,634,557,699,34,22,9.00
600,634,534,717,37,20,9.00
600,634,535,731,37,19,9.00
600,634,558,745,34,17,9.00
600,634,527,753,38,16,9.00
600,634,566,768,33,15,9.00
600,634,556,773,34,14,9.00
600,634,557,740,34,18,9.00
600,634,586,723,31,20,9.00
600,634,604,699,29,22,9.00
600,634,593,708,30,21,9.00
600,634,534,687,37,24,9.00
600,634,547,681,35,24,9.00
600,634,611,692,28,23,9.00
600,634,612,668,28,26,9.00
600,634,597,668,30,26,9.00
600,634,579,668,32,26,9.00
600,634,520,673,38,25,9.00
600,634,517,660,39,27,9.00
600,634,532,722,37,20,9.00
600,634,507,659,40,27,9.00
600,634,534,660,37,27,9.00
600,634,575,674,32,25,9.00
600,634,556,682,34,24,9.00
600,634,535,716,37,20,9.00
600,634,532,741,37,18,9.00
600,634,557,714,34,21,9.00
600,634,552,692,35,23,9.00
600,634,572,674,33,25,9.00
600,634,586,625,31,31,9.00
600,634,600,632,30,30,9.00
600,634,611,630,28,30,9.00
600,634,589,633,31,30,9.00
600,634,560,636,34,29,9.00
600,634,497,645,41,28,9.00
600,634,522,700,38,22,9.00
600,634,518,710,39,21,9.00
600,634,479,709,43,21,9.00
600,634,500,772,41,14,9.00
600,634,508,752,40,16,9.00
600,634,516,746,39,17,9.00
600,634,514,749,39,17,9.00
600,634,522,721,38,20,9.00
600,634,501,706,41,22,9.00
600,634,536,709,37,21,9.00
600,634,467,691,44,23,9.00
600,634,461,703,45,22,9.00
600,634,458,727,45,19,9.00
600,634,468,740,44,18,9.00
600,634,469,737,44,18,9.00
600,634,484,750,42,17,9.00
600,634,489,738,42,18,9.00
600,634,512,745,39,17,9.00
600,634,501,761,41,15,9.00
600,634,506,761,40,15,9.00
600,634,509,768,40,15,9.00
600,634,535,741,37,18,9.00
600,634,525,721,38,20,9.00
600,634,531,724,37,20,9.00
600,634,546,744,36,17,9.00
600,634,569,736,33,18,9.00
600,634,574,749,32,17,9.00
600,634,545,721,36,20,9.00
600,634,529,741,37,18,9.00
600,634,512,726,39,19,9.00
600,634,517,738,39,18,9.00
600,634,515,747,39,17,9.00
600,634,556,772,34,14,9.00
600,634,547,801,35,11,9.00
600,634,519,760,39,16,9.00
600,634,512,763,39,15,9.00
600,634,519,769,39,15,9.00
600,634,506,757,40,16,9.00
600,634,501,751,41,17,9.00
600,634,506,740,40,18,9.00
600,634,525,717,38,20,9.00
600,634,544,699,36,22,9.00
600,634,509,708,40,21,9.00
600,634,470,737,44,18,9.00
600,634,450,746,46,17,9.00
600,634,432,727,48,19,9.00
600,634,499,678,41,25,9.00
600,634,550,650,35,28,9.00
600,634,551,636,35,29,9.00
600,634,557,662,34,26,9.00
600,634,537,689,37,23,9.00
600,634,503,749,40,17,9.00
600,634,490,797,42,11,9.00
600,634,498,831,41,8,9.00
600,634,495,806,41,10,9.00
600,634,591,810,31,10,9.00
600,634,639,813,25,10,9.00
600,634,590,800,31,11,9.00
600,634,566,794,33,12,9.00
600,634,579,790,32,12,9.00
600,634,576,783,32,13,9.00
600,634,565,769,33,15,9.00
600,634,544,747,36,17,9.00
600,634,559,760,34,16,9.00
600,634,554,734,35,18,9.00
600,634,555,723,35,20,9.00
600,634,557,757,34,16,9.00
600,634,562,812,34,10,9.00
600,634,543,820,36,9,9.00
600,634,555,825,35,8,9.00
600,634,555,806,35,10,9.00
600,634,557,793,34,12,9.00
600,634,559,786,34,13,9.00
600,634,584,788,31,12,9.00
600,634,590,772,31,14,9.00
600,634,552,776,35,14,9.00
600,634,570,765,33,15,9.00
600,634,573,723,33,20,9.00
600,634,567,716,33,20,9.00
600,634,545,719,36,20,9.00
600,634,511,742,39,18,9.00
600,634,515,772,39,14,9.00
600,634,516,738,39,18,9.00
600,634,566,716,33,20,9.00
600,634,647,728,24,19,9.00
600,634,599,661,30,27,9.00
600,634,602,686,29,24,9.00
600,634,615,697,28,23,9.00
600,634,635,685,26,24,9.00
600,634,640,672,25,25,9.00
600,634,650,667,24,26,9.00
600,634,623,686,27,24,9.00
600,634,609,691,29,23,9.00
600,634,638,695,25,23,9.00
600,634,620,660,27,27,9.00
600,634,625,635,27,29,9.00
600,634,621,661,27,27,9.00
600,634,626,663,27,26,9.00
600,634,620,650,27,28,9.00
600,634,609,631,29,30,9.00
600,634,587,665,31,26,9.00
600,634,642,677,25,25,9.00
600,634,589,669,31,26,9.00
600,634,563,667,34,26,9.00
600,634,578,624,32,31,9.00
600,634,579,637,32,29,9.00
600,634,548,651,35,28,9.00
600,634,571,688,33,24,9.00
600,634,559,727,34,19,9.00
600,634,563,724,34,20,9.00
600,634,596,696,30,23,9.00
600,634,603,634,29,30,9.00
600,634,623,600,27,33,9.00
600,634,635,617,26,31,9.00
600,634,664,616,22,32,9.00
600,634,618,563,28,37,9.00
600,634,587,635,31,29,9.00
600,634,530,670,37,26,9.00
600,634,531,727,37,19,9.00
600,634,484,712,42,21,9.00
600,634,552,614,35,32,9.00
600,634,570,590,33,34,9.00
600,634,624,607,27,33,9.00
600,634,673,599,21,33,9.00
600,634,613,608,28,32,9.00
600,634,564,604,34,33,9.00
600,634,543,670,36,26,9.00
600,634,537,697,37,23,9.00
600,634,530,682,37,24,9.00
600,634,597,683,30,24,9.00
600,634,618,627,28,30,9.00
600,634,625,626,27,30,9.00
600,634,624,617,27,31,9.00
600,634,607,590,29,34,9.00
600,634,573,606,33,33,9.00
600,634,553,678,35,25,9.00
600,634,570,681,33,24,9.00
600,634,544,687,36,24,9.00
600,634,610,646,28,28,9.00
600,634,602,628,29,30,9.00
600,634,657,674,23,25,9.00
600,634,618,696,28,23,9.00
600,634,626,662,27,26,9.00
600,634,617,672,28,25,9.00
600,634,631,655,26,27,9.00
600,634,669,664,22,26,9.00
600,634,670,657,22,27,9.00
600,634,639,658,25,27,9.00
600,634,662,662,23,26,9.00
600,634,716,660,17,27,9.00
600,634,718,652,16,28,9.00
600,634,735,626,15,30,9.00
600,634,736,625,14,31,9.00
600,634,701,634,18,30,9.00
600,634,572,644,33,28,9.00
600,634,521,691,38,23,9.00
600,634,539,718,36,20,9.00
600,634,507,657,40,27,9.00
600,634,585,629,31,30,9.00
600,634,690,563,20,37,9.00
600,634,783,584,9,35,9.00
600,634,799,573,7,36,9.00
600,634,749,610,13,32,9.00
600,634,662,622,23,31,9.00
600,634,560,649,34,28,9.00
600,634,542,725,36,19,9.00
600,634,493,739,41,18,9.00
600,634,527,688,38,24,9.00
600,634,514,654,39,27,9.00
600,634,595,608,30,32,9.00
600,634,745,616,13,32,9.00
600,634,790,608,8,32,9.00
600,634,818,592,5,34,9.00
600,634,794,601,8,33,9.00
600,634,752,629,13,30,9.00
600,634,631,640,26,29,9.00
600,634,535,734,37,18,9.00
600,634,537,734,37,18,9.00
600,634,616,692,28,23,9.00
600,634,684,647,20,28,9.00
600,634,758,640,12,29,9.00
600,634,801,669,7,26,9.00
600,634,804,645,7,28,9.00
600,634,763,641,11,29,9.00
600,634,707,659,18,27,9.00
600,634,624,684,27,24,9.00
600,634,612,711,28,21,9.00
600,634,605,701,29,22,9.00
600,634,605,690,29,23,9.00
600,634,668,682,22,24,9.00
600,634,722,664,16,26,9.00
600,634,730,649,15,28,9.00
600,634,745,623,13,31,9.00
600,634,738,611,14,32,9.00
600,634,729,621,15,31,9.00
600,634,667,624,22,31,9.00
600,634,642,656,25,27,9.00
600,634,615,695,28,23,9.00
600,634,572,686,33,24,9.00
600,634,604,677,29,25,9.00
600,634,650,636,24,29,9.00
600,634,686,600,20,33,9.00
600,634,714,621,17,31,9.00
600,634,735,644,15,28,9.00
600,634,708,658,18,27,9.00
600,634,654,650,24,28,9.00
600,634,611,666,28,26,9.00
600,634,644,669,25,26,9.00
600,634,702,640,18,29,9.00
600,634,759,636,12,29,9.00
600,634,761,608,12,32,9.00
600,634,758,635,12,29,9.00
600,634,728,618,15,31,9.00
600,634,635,622,26,31,9.00
600,634,539,609,36,32,9.00
600,634,526,637,38,29,9.00
600,634,578,615,32,32,9.00
600,634,644,606,25,33,9.00
600,634,707,575,18,36,9.00
600,634,737,623,14,31,9.00
600,634,724,587,16,35,9.00
600,634,683,603,20,33,9.00
600,634,568,654,33,27,9.00
600,634,527,660,38,27,9.00
600,634,584,679,31,25,9.00
600,634,622,641,27,29,9.00
600,634,689,643,20,29,9.00
600,634,756,668,12,26,9.00
600,634,767,652,11,28,9.00
600,634,762,636,12,29,9.00
600,634,757,655,12,27,9.00
600,634,677,654,21,27,9.00
600,634,642,688,25,24,9.00
600,634,652,712,24,21,9.00
600,634,672,690,22,23,9.00
600,634,750,700,13,22,9.00
600,634,773,670,10,26,9.00
600,634,802,663,7,26,9.00
600,634,804,676,7,25,9.00
600,634,783,675,9,25,9.00
600,634,759,660,12,27,9.00
600,634,761,666,12,26,9.00
600,634,824,671,5,25,9.00
600,634,907,658,0,27,9.00
600,634,908,674,0,25,9.00
600,634,956,702,0,22,9.00
600,634,894,772,0,14,9.00
600,634,827,792,4,12,9.00
600,634,865,782,0,13,9.00
600,634,865,715,0,21,9.00
600,634,875,646,0,28,9.00
600,634,871,626,0,30,9.00
600,634,862,637,0,29,9.00
600,634,865,645,0,28,9.00
600,634,864,645,0,28,9.00
600,634,864,633,0,30,9.00
600,634,872,662,0,26,9.00
600,634,867,686,0,24,9.00
600,634,863,681,0,24,9.00
600,634,867,672,0,25,9.00
600,634,865,672,0,25,9.00
600,634,888,655,0,27,9.00
600,634,863,634,0,30,9.00
600,634,864,637,0,29,9.00
600,634,862,636,0,29,9.00
600,634,857,630,1,30,9.00
600,634,852,637,2,29,9.00
600,634,845,659,2,27,9.00
600,634,819,682,5,24,9.00
600,634,787,659,9,27,9.00
600,634,749,664,13,26,9.00
600,634,675,687,21,24,9.00
600,634,620,731,27,19,9.00
600,634,603,785,29,13,9.00
600,634,583,790,31,12,9.00
600,634,633,729,26,19,9.00
600,634,679,685,21,24,9.00
600,634,744,649,14,28,9.00
600,634,769,623,11,31,9.00
600,634,772,630,10,30,9.00
600,634,769,631,11,30,9.00
600,634,753,641,13,29,9.00
600,634,685,676,20,25,9.00
600,634,651,687,24,24,9.00
600,634,632,696,26,23,9.00
600,634,654,675,24,25,9.00
600,634,654,642,24,29,9.00
600,634,673,643,21,29,9.00
600,634,656,651,23,28,9.00
600,634,655,672,23,25,9.00
600,634,653,676,24,25,9.00
600,634,662,689,23,23,9.00
600,634,677,667,21,26,9.00
600,634,666,647,22,28,9.00
600,634,692,671,19,25,9.00
600,634,723,644,16,28,9.00
600,634,740,609,14,32,9.00
600,634,710,611,17,32,9.00
600,634,702,638,18,29,9.00
600,634,615,631,28,30,9.00
600,634,571,658,33,27,9.00
600,634,534,693,37,23,9.00
600,634,565,676,33,25,9.00
600,634,666,649,22,28,9.00
600,634,708,613,18,32,9.00
600,634,719,596,16,34,9.00
600,634,720,641,16,29,9.00
600,634,702,612,18,32,9.00
600,634,651,608,24,32,9.00
600,634,579,610,32,32,9.00
600,634,553,655,35,27,9.00
600,634,594,663,30,26,9.00
600,634,648,628,24,30,9.00
600,634,669,645,22,28,9.00
600,634,724,628,16,30,9.00
600,634,731,648,15,28,9.00
600,634,733,688,15,24,9.00
600,634,719,698,16,22,9.00
600,634,681,688,21,24,9.00
600,634,681,693,21,23,9.00
600,634,659,688,23,24,9.00
600,634,613,655,28,27,9.00
600,634,661,663,23,26,9.00
600,634,671,634,22,30,9.00
600,634,708,669,18,26,9.00
600,634,703,669,18,26,9.00
600,634,697,675,19,25,9.00
600,634,675,682,21,24,9.00
600,634,655,687,23,24,9.00
600,634,652,679,24,25,9.00
600,634,666,661,22,27,9.00
600,634,683,655,20,27,9.00
600,634,719,665,16,26,9.00
600,634,707,668,18,26,9.00
600,634,707,678,18,25,9.00
600,634,666,696,22,23,9.00
600,634,652,693,24,23,9.00
600,634,667,713,22,21,9.00
600,634,639,699,25,22,9.00
600,634,637,698,25,22,9.00
600,634,629,689,26,23,9.00
600,634,627,707,27,21,9.00
600,634,644,692,25,23,9.00
600,634,676,676,21,25,9.00
600,634,677,666,21,26,9.00
600,634,708,639,18,29,9.00
600,634,727,615,15,32,9.00
600,634,719,593,16,34,9.00
600,634,670,629,22,30,9.00
600,634,591,663,31,26,9.00
600,634,577,708,32,21,9.00
600,634,566,721,33,20,9.00
600,634,592,661,30,27,9.00
600,634,609,646,29,28,9.00
600,634,633,607,26,33,9.00
600,634,681,593,21,34,9.00
600,634,689,606,20,33,9.00
600,634,700,667,18,26,9.00
600,634,643,782,25,13,9.00
600,634,493,893,41,1,9.00
600,634,451,929,46,0,9.00
600,634,509,935,40,0,9.00
600,634,538,935,36,0,9.00
600,634,557,930,34,0,9.00
600,634,512,933,39,0,9.00
600,634,534,928,37,0,9.00
600,634,514,899,39,0,9.00
600,634,570,817,33,9,9.00
600,634,607,739,29,18,9.00
600,634,659,673,23,25,9.00
600,634,666,647,22,28,9.00
600,634,682,638,20,29,9.00
600,634,677,652,21,28,9.00
600,634,630,687,26,24,9.00
600,634,628,717,26,20,9.00
600,634,536,760,37,16,9.00
600,634,515,828,39,8,9.00
600,634,523,840,38,7,9.00
600,634,541,836,36,7,9.00
600,634,543,795,36,12,9.00
600,634,559,746,34,17,9.00
600,634,572,714,33,21,9.00
600,634,584,715,31,21,9.00
600,634,580,718,32,20,9.00
600,634,592,730,30,19,9.00
600,634,576,716,32,20,9.00
600,634,599,718,30,20,9.00
600,634,575,722,32,20,9.00
600,634,547,709,35,21,9.00
600,634,588,693,31,23,9.00
600,634,636,698,26,22,9.00
600,634,601,735,29,18,9.00
600,634,532,737,37,18,9.00
600,634,539,742,36,18,9.00
600,634,524,715,38,21,9.00
600,634,499,733,41,19,9.00
600,634,497,702,41,22,9.00
600,634,540,709,36,21,9.00
600,634,554,686,35,24,9.00
600,634,534,705,37,22,9.00
600,634,551,710,35,21,9.00
600,634,554,734,35,18,9.00
600,634,538,750,36,17,9.00
600,634,509,769,40,15,9.00
600,634,516,809,39,10,9.00
600,634,567,817,33,9,9.00
600,634,561,800,34,11,9.00
600,634,554,815,35,9,9.00
600,634,565,788,33,12,9.00
600,634,548,774,35,14,9.00
600,634,550,781,35,13,9.00
600,634,560,809,34,10,9.00
600,634,513,825,39,8,9.00
600,634,482,868,43,4,9.00
600,634,474,862,44,4,9.00
600,634,502,805,40,11,9.00
600,634,516,798,39,11,9.00
600,634,550,783,35,13,9.00
600,634,577,776,32,14,9.00
600,634,573,759,33,16,9.00
600,634,546,760,36,16,9.00
600,634,507,763,40,15,9.00
600,634,499,796,41,12,9.00
600,634,481,772,43,14,9.00
600,634,489,771,42,14,9.00
600,634,479,732,43,19,9.00
600,634,521,723,38,20,9.00
600,634,550,733,35,19,9.00
600,634,527,673,38,25,9.00
600,634,557,649,34,28,9.00
600,634,535,666,37,26,9.00
600,634,548,697,35,23,9.00
600,634,553,700,35,22,9.00
600,634,546,713,36,21,9.00
600,634,525,707,38,21,9.00
600,634,517,713,39,21,9.00
600,634,580,700,32,22,9.00
600,634,595,705,30,22,9.00
600,634,630,732,26,19,9.00
600,634,613,731,28,19,9.00
600,634,591,736,31,18,9.00
600,634,561,741,34,18,9.00
600,634,598,721,30,20,9.00
600,634,569,679,33,25,9.00
600,634,596,667,30,26,9.00
600,634,578,670,32,26,9.00
600,634,562,713,34,21,9.00
600,634,534,701,37,22,9.00
600,634,554,736,35,18,9.00
600,634,543,772,36,14,9.00
600,634,566,792,33,12,9.00
600,634,558,762,34,15,9.00
600,634,551,745,35,17,9.00
600,634,585,726,31,19,9.00
600,634,588,717,31,20,9.00
600,634,642,703,25,22,9.00
600,634,599,660,30,27,9.00
600,634,614,605,28,33,9.00
600,634,621,630,27,30,9.00
600,634,574,640,32,29,9.00
600,634,539,621,36,31,9.00
600,634,492,636,42,29,9.00
600,634,551,667,35,26,9.00
600,634,576,644,32,28,9.00
600,634,574,644,32,28,9.00
600,634,583,679,31,25,9.00
600,634,632,691,26,23,9.00
600,634,611,627,28,30,9.00
600,634,622,649,27,28,9.00
600,634,698,647,19,28,9.00
600,634,635,646,26,28,9.00
600,634,570,687,33,24,9.00
600,634,517,714,39,21,9.00
600,634,550,732,35,19,9.00
600,634,545,731,36,19,9.00
600,634,534,747,37,17,9.00
600,634,528,711,38,21,9.00
600,634,596,644,30,28,9.00
600,634,628,640,26,29,9.00
600,634,637,644,25,28,9.00
600,634,642,634,25,30,9.00
600,634,640,636,25,29,9.00
600,634,605,646,29,28,9.00
600,634,600,655,30,27,9.00
600,634,612,688,28,24,9.00
600,634,608,681,29,24,9.00
600,634,604,693,29,23,9.00
600,634,576,687,32,24,9.00
600,634,596,666,30,26,9.00
600,634,581,665,32,26,9.00
600,634,585,652,31,28,9.00
600,634,590,638,31,29,9.00
600,634,574,604,32,33,9.00
600,634,614,614,28,32,9.00
600,634,646,609,24,32,9.00
600,634,650,608,24,32,9.00
600,634,612,574,28,36,9.00
600,634,598,617,30,31,9.00
600,634,613,628,28,30,9.00
600,634,567,667,33,26,9.00
600,634,561,637,34,29,9.00
600,634,571,646,33,28,9.00
600,634,607,624,29,31,9.00
600,634,672,578,22,36,9.00
600,634,707,637,18,29,9.00
600,634,699,648,19,28,9.00
600,634,650,638,24,29,9.00
600,634,596,660,30,27,9.00
600,634,581,697,32,23,9.00
600,634,613,676,28,25,9.00
600,634,594,652,30,28,9.00
600,634,597,652,30,28,9.00
600,634,649,628,24,30,9.00
600,634,689,633,20,30,9.00
600,634,716,639,17,29,9.00
600,634,713,589,17,35,9.00
600,634,672,638,22,29,9.00
600,634,607,662,29,26,9.00
600,634,565,685,33,24,9.00
600,634,570,710,33,21,9.00
600,634,574,643,32,29,9.00
600,634,607,607,29,33,9.00
600,634,588,600,31,33,9.00
600,634,588,624,31,31,9.00
600,634,607,598,29,34,9.00
600,634,586,594,31,34,9.00
600,634,584,581,31,35,9.00
600,634,597,632,30,30,9.00
600,634,568,628,33,30,9.00
600,634,622,597,27,34,9.00
600,634,654,624,24,31,9.00
600,634,665,628,22,30,9.00
600,634,707,605,18,33,9.00
600,634,641,618,25,31,9.00
600,634,590,646,31,28,9.00
600,634,553,672,35,25,9.00
600,634,554,642,35,29,9.00
600,634,594,621,30,31,9.00
600,634,583,621,31,31,9.00
600,634,572,646,33,28,9.00
600,634,611,601,28,33,9.00
600,634,642,597,25,34,9.00
600,634,691,603,19,33,9.00
600,634,683,604,20,33,9.00
600,634,615,625,28,31,9.00
600,634,587,653,31,27,9.00
600,634,600,660,30,27,9.00
600,634,600,677,30,25,9.00
600,634,648,686,24,24,9.00
600,634,647,676,24,25,9.00
600,634,584,640,31,29,9.00
600,634,573,662,33,26,9.00
600,634,590,674,31,25,9.00
600,634,619,675,27,25,9.00
600,634,608,680,29,24,9.00
600,634,577,666,32,26,9.00
600,634,560,678,34,25,9.00
600,634,603,679,29,25,9.00
600,634,581,640,32,29,9.00
600,634,610,638,28,29,9.00
600,634,623,612,27,32,9.00
600,634,643,628,25,30,9.00
600,634,613,643,28,29,9.00
600,634,590,622,31,31,9.00
600,634,576,628,32,30,9.00
600,634,553,667,35,26,9.00
600,634,559,657,34,27,9.00
600,634,530,712,37,21,9.00
600,634,548,677,35,25,9.00
600,634,530,683,37,24,9.00
600,634,552,680,35,24,9.00
600,634,557,682,34,24,9.00
600,634,543,661,36,27,9.00
600,634,595,583,30,35,9.00
600,634,595,598,30,34,9.00
600,634,628,607,26,33,9.00
600,634,632,621,26,31,9.00
600,634,578,606,32,33,9.00
600,634,558,631,34,30,9.00
600,634,551,624,35,31,9.00
600,634,585,637,31,29,9.00
600,634,579,662,32,26,9.00
600,634,575,696,32,23,9.00
600,634,577,675,32,25,9.00
600,634,564,677,34,25,9.00
600,634,582,684,32,24,9.00
600,634,555,679,35,25,9.00
600,634,549,703,35,22,9.00
600,634,571,695,33,23,9.00
600,634,606,688,29,24,9.00
600,634,578,742,32,18,9.00
600,634,627,707,27,21,9.00
600,634,637,669,25,26,9.00
600,634,623,653,27,27,9.00
600,634,606,640,29,29,9.00
600,634,597,648,30,28,9.00
600,634,575,649,32,28,9.00
600,634,558,668,34,26,9.00
600,634,553,679,35,25,9.00
600,634,586,691,31,23,9.00
600,634,587,676,31,25,9.00
600,634,576,702,32,22,9.00
600,634,589,705,31,22,9.00
600,634,630,661,26,27,9.00
600,634,578,633,32,30,9.00
600,634,577,655,32,27,9.00
600,634,615,650,28,28,9.00
600,634,623,681,27,24,9.00
600,634,572,668,33,26,9.00
600,634,521,659,38,27,9.00
600,634,568,664,33,26,9.00
600,634,602,668,29,26,9.00
600,634,574,652,32,28,9.00
600,634,549,636,35,29,9.00
600,634,519,708,39,21,9.00
600,634,521,710,38,21,9.00
600,634,523,691,38,23,9.00
600,634,552,736,35,18,9.00
600,634,514,683,39,24,9.00
600,634,573,683,33,24,9.00
600,634,595,649,30,28,9.00
600,634,609,673,29,25,9.00
600,634,589,663,31,26,9.00
600,634,614,656,28,27,9.00
600,634,616,662,28,26,9.00
600,634,624,652,27,28,9.00
600,634,609,640,29,29,9.00
600,634,584,674,31,25,9.00
600,634,580,657,32,27,9.00
600,634,594,662,30,26,9.00
600,634,591,639,31,29,9.00
600,634,609,622,29,31,9.00
600,634,572,602,33,33,9.00
600,634,568,644,33,28,9.00
600,634,562,650,34,28,9.00
600,634,545,649,36,28,9.00
600,634,493,650,41,28,9.00
600,634,491,676,42,25,9.00
600,634,504,694,40,23,9.00
600,634,469,669,44,26,9.00
600,634,507,663,40,26,9.00
600,634,510,618,40,31,9.00
600,634,554,591,35,34,9.00
600,634,582,609,32,32,9.00
600,634,531,598,37,34,9.00
600,634,561,573,34,36,9.00
600,634,604,623,29,31,9.00
600,634,632,601,26,33,9.00
600,634,687,628,20,30,9.00
600,634,699,616,19,32,9.00
600,634,619,605,27,33,9.00
600,634,585,624,31,31,9.00
600,634,533,671,37,25,9.00
600,634,502,697,40,23,9.00
600,634,537,698,37,22,9.00
600,634,517,684,39,24,9.00
600,634,576,663,32,26,9.00
600,634,561,653,34,27,9.00
600,634,585,655,31,27,9.00
600,634,575,654,32,27,9.00
600,634,629,678,26,25,9.00
600,634,614,659,28,27,9.00
600,634,639,664,25,26,9.00
600,634,626,674,27,25,9.00
600,634,627,677,27,25,9.00
600,634,612,646,28,28,9.00
600,634,562,621,34,31,9.00
600,634,553,606,35,33,9.00
600,634,543,635,36,29,9.00
600,634,527,649,38,28,9.00
600,634,543,687,36,24,9.00
600,634,563,662,34,26,9.00
600,634,573,657,33,27,9.00
600,634,546,682,36,24,9.00
600,634,530,656,37,27,9.00
600,634,488,660,42,27,9.00
600,634,418,660,50,27,9.00
600,634,472,664,44,26,9.00
600,634,455,635,46,29,9.00
600,634,498,638,41,29,9.00
600,634,514,609,39,32,9.00
600,634,532,637,37,29,9.00
600,634,449,598,46,34,9.00
600,634,555,646,35,28,9.00
600,634,498,637,41,29,9.00
600,634,523,671,38,25,9.00
600,634,529,663,37,26,9.00
600,634,633,676,26,25,9.00
600,634,614,675,28,25,9.00
600,634,642,649,25,28,9.00
600,634,585,621,31,31,9.00
600,634,620,641,27,29,9.00
600,634,599,662,30,26,9.00
600,634,604,689,29,23,9.00
600,634,620,692,27,23,9.00
600,634,629,673,26,25,9.00
600,634,632,690,26,23,9.00
600,634,673,680,21,24,9.00
600,634,655,671,23,25,9.00
600,634,669,673,22,25,9.00
600,634,620,666,27,26,9.00
600,634,638,686,25,24,9.00
600,634,611,668,28,26,9.00
600,634,599,692,30,23,9.00
600,634,594,691,30,23,9.00
600,634,593,686,30,24,9.00
600,634,618,674,28,25,9.00
600,634,642,695,25,23,9.00
600,634,624,689,27,23,9.00
600,634,652,683,24,24,9.00
600,634,651,692,24,23,9.00
600,634,626,696,27,23,9.00
600,634,602,695,29,23,9.00
600,634,614,649,28,28,9.00
600,634,602,653,29,27,9.00
600,634,583,646,31,28,9.00
600,634,566,648,33,28,9.00
600,634,557,682,34,24,9.00
600,634,542,672,36,25,9.00
600,634,546,679,36,25,9.00
600,634,486,682,42,24,9.00
600,634,484,682,42,24,9.00
600,634,511,667,39,26,9.00
600,634,534,635,37,29,9.00
600,634,540,649,36,28,9.00
600,634,583,617,31,31,9.00
600,634,591,592,31,34,9.00
600,634,633,585,26,35,9.00
600,634,606,615,29,32,9.00
600,634,603,614,29,32,9.00
600,634,606,660,29,27,9.00
600,634,614,664,28,26,9.00
600,634,593,682,30,24,9.00
600,634,658,631,23,30,9.00
600,634,607,610,29,32,9.00
600,634,641,594,25,34,9.00
600,634,627,590,27,34,9.00
600,634,635,589,26,35,9.00
600,634,606,602,29,33,9.00
600,634,585,646,31,28,9.00
600,634,566,694,33,23,9.00
600,634,582,711,32,21,9.00
600,634,538,708,36,21,9.00
600,634,592,717,30,20,9.00
600,634,580,714,32,21,9.00
600,634,576,691,32,23,9.00
600,634,600,688,30,24,9.00
600,634,559,692,34,23,9.00
600,634,549,677,35,25,9.00
600,634,551,687,35,24,9.00
600,634,536,682,37,24,9.00
600,634,518,687,39,24,9.00
600,634,546,635,36,29,9.00
600,634,557,614,34,32,9.00
600,634,526,644,38,28,9.00
600,634,552,611,35,32,9.00
600,634,547,604,35,33,9.00
600,634,583,624,31,31,9.00
600,634,511,640,39,29,9.00
600,634,516,627,39,30,9.00
600,634,506,645,40,28,9.00
600,634,503,669,40,26,9.00
600,634,470,702,44,22,9.00
600,634,489,784,42,13,9.00
600,634,491,749,42,17,9.00
600,634,497,711,41,21,9.00
600,634,493,731,41,19,9.00
600,634,552,678,35,25,9.00
600,634,573,623,33,31,9.00
600,634,560,643,34,29,9.00
600,634,578,651,32,28,9.00
600,634,571,646,33,28,9.00
600,634,520,642,38,29,9.00
600,634,645,632,25,30,9.00
600,634,578,627,32,30,9.00
600,634,539,662,36,26,9.00
600,634,527,680,38,24,9.00
600,634,545,702,36,22,9.00
600,634,524,742,38,18,9.00
600,634,511,722,39,20,9.00
600,634,510,712,40,21,9.00
600,634,521,715,38,21,9.00
600,634,562,675,34,25,9.00
600,634,544,641,36,29,9.00
600,634,533,639,37,29,9.00
600,634,595,572,30,36,9.00
600,634,666,607,22,33,9.00
600,634,682,623,20,31,9.00
600,634,644,613,25,32,9.00
600,634,579,603,32,33,9.00
600,634,534,622,37,31,9.00
600,634,541,659,36,27,9.00
600,634,566,648,33,28,9.00
600,634,581,643,32,29,9.00
600,634,621,620,27,31,9.00
600,634,621,594,27,34,9.00
600,634,643,602,25,33,9.00
600,634,611,641,28,29,9.00
600,634,587,643,31,29,9.00
600,634,632,675,26,25,9.00
600,634,634,631,26,30,9.00
600,634,694,629,19,30,9.00
600,634,714,656,17,27,9.00
600,634,715,656,17,27,9.00
600,634,705,644,18,28,9.00
600,634,706,624,18,31,9.00
600,634,670,639,22,29,9.00
600,634,740,635,14,29,9.00
600,634,850,661,2,27,9.00
600,634,847,686,2,24,9.00
600,634,860,734,1,18,9.00
600,634,850,687,2,24,9.00
600,634,807,661,7,27,9.00
600,634,864,685,0,24,9.00
600,634,906,707,0,21,9.00
600,634,859,706,1,22,9.00
600,634,843,696,3,23,9.00
600,634,822,662,5,26,9.00
600,634,813,648,6,28,9.00
600,634,804,659,7,27,9.00
600,634,787,659,9,27,9.00
600,634,780,656,10,27,9.00
600,634,725,658,16,27,9.00
600,634,667,673,22,25,9.00
600,634,651,692,24,23,9.00
600,634,608,717,29,20,9.00
600,634,635,732,26,19,9.00
600,634,682,704,20,22,9.00
600,634,753,659,13,27,9.00
600,634,778,648,10,28,9.00
600,634,794,665,8,26,9.00
600,634,807,656,7,27,9.00
600,634,802,660,7,27,9.00
600,634,780,636,10,29,9.00
600,634,771,641,11,29,9.00
600,634,754,640,12,29,9.00
600,634,737,645,14,28,9.00
600,634,750,672,13,25,9.00
600,634,685,683,20,24,9.00
600,634,686,665,20,26,9.00
600,634,701,649,18,28,9.00
600,634,722,643,16,29,9.00
600,634,720,639,16,29,9.00
600,634,703,648,18,28,9.00
600,634,675,670,21,26,9.00
600,634,658,674,23,25,9.00
600,634,673,643,21,29,9.00
600,634,685,619,20,31,9.00
600,634,662,650,23,28,9.00
600,634,631,669,26,26,9.00
600,634,650,699,24,22,9.00
600,634,705,680,18,24,9.00
600,634,734,665,15,26,9.00
600,634,762,640,12,29,9.00
600,634,750,656,13,27,9.00
600,634,739,652,14,28,9.00
600,634,723,658,16,27,9.00
600,634,711,686,17,24,9.00
600,634,691,656,19,27,9.00
600,634,704,642,18,29,9.00
600,634,742,626,14,30,9.00
600,634,718,648,16,28,9.00
600,634,693,674,19,25,9.00
600,634,664,676,22,25,9.00
600,634,642,622,25,31,9.00
600,634,660,601,23,33,9.00
600,634,686,586,20,35,9.00
600,634,704,584,18,35,9.00
600,634,690,590,20,34,9.00
600,634,654,632,24,30,9.00
600,634,587,599,31,33,9.00
600,634,582,592,32,34,9.00
600,634,553,599,35,33,9.00
600,634,556,627,34,30,9.00
600,634,610,650,28,28,9.00
600,634,650,612,24,32,9.00
600,634,651,581,24,35,9.00
600,634,644,522,25,42,9.00
600,634,585,451,31,50,9.00
600,634,531,493,37,45,9.00
600,634,462,550,45,39,9.00
600,634,460,528,45,41,9.00
600,634,497,529,41,41,9.00
600,634,557,617,34,31,9.00
600,634,550,566,35,37,9.00
600,634,483,590,43,34,9.00
600,634,494,535,41,41,9.00
600,634,585,522,31,42,9.00
600,634,661,574,23,36,9.00
600,634,713,694,17,23,9.00
600,634,594,653,30,27,9.00
600,634,592,659,30,27,9.00
600,634,562,672,34,25,9.00
600,634,527,659,38,27,9.00
600,634,609,646,29,28,9.00
600,634,599,611,30,32,9.00
600,634,645,628,25,30,9.00
600,634,665,605,22,33,9.00
600,634,646,632,24,30,9.00
600,634,702,613,18,32,9.00
600,634,688,611,20,32,9.00
600,634,673,570,21,37,9.00
600,634,628,564,26,37,9.00
600,634,573,597,33,34,9.00
600,634,587,633,31,30,9.00
600,634,573,660,33,27,9.00
600,634,558,643,34,29,9.00
600,634,594,626,30,30,9.00
600,634,648,597,24,34,9.00
600,634,668,598,22,34,9.00
600,634,652,635,24,29,9.00
600,634,579,604,32,33,9.00
600,634,599,654,30,27,9.00
600,634,598,705,30,22,9.00
600,634,607,702,29,22,9.00
600,634,620,722,27,20,9.00
600,634,635,778,26,14,9.00
600,634,603,895,29,1,9.00
600,634,522,931,38,0,9.00
600,634,516,929,39,0,9.00
600,634,527,931,38,0,9.00
600,634,552,938,35,0,9.00
600,634,540,931,36,0,9.00
600,634,527,916,38,0,9.00
600,634,534,878,37,2,9.00
600,634,532,825,37,8,9.00
600,634,542,773,36,14,9.00
600,634,599,734,30,18,9.00
600,634,688,690,20,23,9.00
600,634,702,646,18,28,9.00
600,634,719,670,16,26,9.00
600,634,705,701,18,22,9.00
600,634,640,777,25,14,9.00
600,634,610,843,28,6,9.00
600,634,618,886,28,2,9.00
600,634,626,910,27,0,9.00
600,634,617,899,28,0,9.00
600,634,625,879,27,2,9.00
600,634,627,826,27,8,9.00
600,634,614,800,28,11,9.00
600,634,619,756,27,16,9.00
600,634,622,719,27,20,9.00
600,634,658,676,23,25,9.00
600,634,722,654,16,27,9.00
600,634,727,644,15,28,9.00
600,634,630,676,26,25,9.00
600,634,590,714,31,21,9.00
600,634,523,773,38,14,9.00
600,634,512,826,39,8,9.00
600,634,502,877,40,3,9.00
600,634,557,836,34,7,9.00
600,634,563,745,34,17,9.00
600,634,559,708,34,21,9.00
600,634,593,693,30,23,9.00
600,634,609,662,29,26,9.00
600,634,608,654,29,27,9.00
600,634,629,677,26,25,9.00
600,634,571,715,33,21,9.00
600,634,537,724,37,20,9.00
600,634,556,742,34,18,9.00
600,634,568,748,33,17,9.00
600,634,535,761,37,15,9.00
600,634,520,765,38,15,9.00
600,634,559,762,34,15,9.00
600,634,542,743,36,17,9.00
600,634,543,750,36,17,9.00
600,634,572,757,33,16,9.00
600,634,607,763,29,15,9.00
600,634,553,742,35,18,9.00
600,634,554,723,35,20,9.00
600,634,562,751,34,17,9.00
600,634,502,767,40,15,9.00
600,634,504,781,40,13,9.00
600,634,528,772,38,14,9.00
600,634,562,777,34,14,9.00
600,634,563,801,34,11,9.00
600,634,517,854,39,5,9.00
600,634,516,870,39,3,9.00
600,634,547,863,35,4,9.00
600,634,560,815,34,9,9.00
600,634,550,790,35,12,9.00
600,634,583,793,31,12,9.00
600,634,573,809,33,10,9.00
600,634,576,810,32,10,9.00
600,634,597,815,30,9,9.00
600,634,566,810,33,10,9.00
600,634,561,777,34,14,9.00
600,634,564,756,34,16,9.00
600,634,557,767,34,15,9.00
600,634,583,787,31,13,9.00
600,634,545,798,36,11,9.00
600,634,520,810,38,10,9.00
600,634,492,791,42,12,9.00
600,634,483,799,43,11,9.00
600,634,487,820,42,9,9.00
600,634,503,777,40,14,9.00
600,634,528,744,38,17,9.00
600,634,558,743,34,17,9.00
600,634,573,751,33,17,9.00
600,634,561,751,34,17,9.00
600,634,544,732,36,19,9.00
600,634,533,775,37,14,9.00
600,634,550,776,35,14,9.00
600,634,584,781,31,13,9.00
600,634,526,796,38,12,9.00
600,634,551,792,35,12,9.00
600,634,511,767,39,15,9.00
600,634,511,739,39,18,9.00
600,634,508,705,40,22,9.00
600,634,529,716,37,20,9.00
600,634,565,723,33,20,9.00
600,634,522,717,38,20,9.00
600,634,513,748,39,17,9.00
600,634,515,770,39,14,9.00
600,634,489,765,42,15,9.00
600,634,499,744,41,17,9.00
600,634,499,730,41,19,9.00
600,634,519,722,39,20,9.00
600,634,489,737,42,18,9.00
600,634,460,742,45,18,9.00
600,634,552,725,35,19,9.00
600,634,499,743,41,17,9.00
600,634,510,754,40,16,9.00
600,634,480,731,43,19,9.00
600,634,426,724,49,20,9.00
600,634,443,764,47,15,9.00
600,634,424,765,49,15,9.00
600,634,446,744,47,17,9.00
600,634,446,724,47,20,9.00
600,634,501,698,41,22,9.00
600,634,520,693,38,23,9.00
600,634,509,698,40,22,9.00
600,634,496,700,41,22,9.00
600,634,544,692,36,23,9.00
600,634,505,692,40,23,9.00
600,634,494,666,41,26,9.00
600,634,527,646,38,28,9.00
600,634,557,651,34,28,9.00
600,634,577,673,32,25,9.00
600,634,575,691,32,23,9.00
600,634,537,698,37,22,9.00
600,634,502,672,40,25,9.00
600,634,537,679,37,25,9.00
600,634,541,686,36,24,9.00
600,634,550,695,35,23,9.00
600,634,555,707,35,21,9.00
600,634,519,719,39,20,9.00
600,634,540,720,36,20,9.00
600,634,543,704,36,22,9.00
600,634,577,674,32,25,9.00
600,634,577,654,32,27,9.00
600,634,611,643,28,29,9.00
600,634,654,631,24,30,9.00
600,634,676,621,21,31,9.00
600,634,671,637,22,29,9.00
600,634,624,647,27,28,9.00
600,634,568,650,33,28,9.00
600,634,502,644,40,28,9.00
600,634,456,671,46,25,9.00
600,634,485,678,42,25,9.00
600,634,548,655,35,27,9.00
600,634,592,656,30,27,9.00
600,634,617,603,28,33,9.00
600,634,680,609,21,32,9.00
600,634,689,599,20,33,9.00
600,634,655,590,23,34,9.00
600,634,578,612,32,32,9.00
600,634,546,659,36,27,9.00
600,634,576,688,32,24,9.00
600,634,575,698,32,22,9.00
600,634,582,686,32,24,9.00
600,634,585,650,31,28,9.00
600,634,594,653,30,27,9.00
600,634,639,644,25,28,9.00
600,634,680,632,21,30,9.00
600,634,681,635,21,29,9.00
600,634,670,624,22,31,9.00
600,634,650,640,24,29,9.00
600,634,622,657,27,27,9.00
600,634,616,674,28,25,9.00
600,634,582,683,32,24,9.00
600,634,556,695,34,23,9.00
600,634,548,695,35,23,9.00
600,634,588,695,31,23,9.00
600,634,613,675,28,25,9.00
600,634,593,653,30,27,9.00
600,634,605,642,29,29,9.00
600,634,604,657,29,27,9.00
600,634,605,657,29,27,9.00
600,634,602,667,29,26,9.00
600,634,568,668,33,26,9.00
600,634,562,630,34,30,9.00
600,634,602,624,29,31,9.00
600,634,627,620,27,31,9.00
600,634,677,626,21,30,9.00
600,634,683,622,20,31,9.00
600,634,636,595,26,34,9.00
600,634,597,580,30,36,9.00
600,634,553,600,35,33,9.00
600,634,488,805,42,11,9.00
600,634,453,932,46,0,9.00
600,634,437,916,48,0,9.00
600,634,431,928,48,0,9.00
600,634,468,925,44,0,9.00
600,634,451,925,46,0,9.00
600,634,522,933,38,0,9.00
600,634,521,932,38,0,9.00
600,634,513,912,39,0,9.00
600,634,520,875,38,3,9.00
600,634,538,799,36,11,9.00
600,634,580,752,32,16,9.00
600,634,647,693,24,23,9.00
600,634,731,663,15,26,9.00
600,634,715,662,17,26,9.00
600,634,718,679,16,25,9.00
600,634,587,687,31,24,9.00
600,634,543,727,36,19,9.00
600,634,499,763,41,15,9.00
600,634,507,806,40,10,9.00
600,634,521,772,38,14,9.00
600,634,535,736,37,18,9.00
600,634,538,750,36,17,9.00
600,634,530,765,37,15,9.00
600,634,517,766,39,15,9.00
600,634,537,790,37,12,9.00
600,634,533,762,37,15,9.00
600,634,570,740,33,18,9.00
600,634,553,737,35,18,9.00
600,634,499,747,41,17,9.00
600,634,504,707,40,21,9.00
600,634,567,651,33,28,9.00
600,634,571,611,33,32,9.00
600,634,537,594,37,34,9.00
600,634,557,612,34,32,9.00
600,634,573,639,33,29,9.00
600,634,584,651,31,28,9.00
600,634,519,633,39,30,9.00
600,634,507,651,40,28,9.00
600,634,541,642,36,29,9.00
600,634,552,633,35,30,9.00
600,634,586,637,31,29,9.00
600,634,656,700,23,22,9.00
600,634,689,706,20,22,9.00
600,634,682,686,20,24,9.00
600,634,654,691,24,23,9.00
600,634,640,691,25,23,9.00
600,634,625,660,27,27,9.00
600,634,640,646,25,28,9.00
600,634,649,660,24,27,9.00
600,634,646,681,24,24,9.00
600,634,651,665,24,26,9.00
600,634,645,700,25,22,9.00
600,634,654,713,24,21,9.00
600,634,627,678,27,25,9.00
600,634,644,669,25,26,9.00
600,634,639,666,25,26,9.00
600,634,650,671,24,25,9.00
600,634,645,687,25,24,9.00
600,634,645,687,25,24,9.00
600,634,660,665,23,26,9.00
600,634,645,676,25,25,9.00
600,634,645,682,25,24,9.00
600,634,651,694,24,23,9.00
600,634,649,715,24,21,9.00
600,634,636,722,26,20,9.00
600,634,608,720,29,20,9.00
600,634,606,712,29,21,9.00
600,634,634,684,26,24,9.00
600,634,639,702,25,22,9.00
600,634,596,705,30,22,9.00
600,634,622,671,27,25,9.00
600,634,646,625,24,31,9.00
600,634,670,650,22,28,9.00
600,634,676,675,21,25,9.00
600,634,680,663,21,26,9.00
600,634,673,636,21,29,9.00
600,634,668,647,22,28,9.00
600,634,658,651,23,28,9.00
600,634,641,644,25,28,9.00
600,634,637,623,25,31,9.00
600,634,628,641,26,29,9.00
600,634,637,655,25,27,9.00
600,634,656,634,23,30,9.00
600,634,653,602,24,33,9.00
600,634,582,630,32,30,9.00
600,634,599,630,30,30,9.00
600,634,635,654,26,27,9.00
600,634,631,622,26,31,9.00
600,634,665,669,22,26,9.00
600,634,675,635,21,29,9.00
600,634,666,637,22,29,9.00
600,634,652,653,24,27,9.00
600,634,619,701,27,22,9.00
600,634,641,673,25,25,9.00
600,634,644,667,25,26,9.00
600,634,655,675,23,25,9.00
600,634,652,667,24,26,9.00
600,634,710,672,17,25,9.00
600,634,664,653,22,27,9.00
600,634,676,662,21,26,9.00
600,634,634,680,26,24,9.00
600,634,656,689,23,23,9.00
600,634,645,687,25,24,9.00
600,634,628,677,26,25,9.00
600,634,645,634,25,30,9.00
600,634,643,628,25,30,9.00
600,634,627,654,27,27,9.00
600,634,618,643,28,29,9.00
600,634,618,654,28,27,9.00
600,634,642,666,25,26,9.00
600,634,619,680,27,24,9.00
600,634,607,686,29,24,9.00
600,634,602,695,29,23,9.00
600,634,604,690,29,23,9.00
600,634,596,662,30,26,9.00
600,634,618,689,28,23,9.00
600,634,757,658,12,27,9.00
600,634,926,658,0,27,9.00
600,634,922,654,0,27,9.00
600,634,777,663,10,26,9.00
600,634,856,637,1,29,9.00
600,634,841,601,3,33,9.00
600,634,836,589,3,35,9.00
600,634,829,620,4,31,9.00
600,634,838,649,3,28,9.00
600,634,832,655,4,27,9.00
600,634,836,646,3,28,9.00
600,634,819,658,5,27,9.00
600,634,805,654,7,27,9.00
600,634,810,665,6,26,9.00
600,634,812,678,6,25,9.00
600,634,835,677,3,25,9.00
600,634,842,656,3,27,9.00
600,634,843,646,3,28,9.00
600,634,865,649,0,28,9.00
600,634,872,652,0,28,9.00
600,634,861,625,1,31,9.00
600,634,849,625,2,31,9.00
600,634,861,627,1,30,9.00
600,634,876,650,0,28,9.00
600,634,874,663,0,26,9.00
600,634,868,653,0,27,9.00
600,634,856,652,1,28,9.00
600,634,864,632,0,30,9.00
600,634,852,633,2,30,9.00
600,634,813,648,6,28,9.00
600,634,735,643,15,29,9.00
600,634,651,646,24,28,9.00
600,634,569,664,33,26,9.00
600,634,561,694,34,23,9.00
600,634,593,692,30,23,9.00
600,634,615,666,28,26,9.00
600,634,671,627,22,30,9.00
600,634,729,615,15,32,9.00
600,634,753,623,13,31,9.00
600,634,756,605,12,33,9.00
600,634,752,611,13,32,9.00
600,634,701,635,18,29,9.00
600,634,604,669,29,26,9.00
600,634,596,667,30,26,9.00
600,634,576,680,32,24,9.00
600,634,576,643,32,29,9.00
600,634,613,625,28,31,9.00
600,634,621,645,27,28,9.00
600,634,653,663,24,26,9.00
600,634,683,626,20,30,9.00
600,634,717,611,17,32,9.00
600,634,732,636,15,29,9.00
600,634,715,688,17,24,9.00
600,634,683,702,20,22,9.00
600,634,681,678,21,25,9.00
600,634,643,674,25,25,9.00
600,634,649,681,24,24,9.00
600,634,641,666,25,26,9.00
600,634,661,662,23,26,9.00
600,634,652,648,24,28,9.00
600,634,648,668,24,26,9.00
600,634,619,667,27,26,9.00
600,634,634,638,26,29,9.00
600,634,680,671,21,25,9.00
600,634,618,672,28,25,9.00
600,634,586,689,31,23,9.00
600,634,602,700,29,22,9.00
600,634,603,686,29,24,9.00
600,634,561,679,34,25,9.00
600,634,585,682,31,24,9.00
600,634,583,693,31,23,9.00
600,634,586,687,31,24,9.00
600,634,572,685,33,24,9.00
600,634,536,680,37,24,9.00
600,634,569,696,33,23,9.00
600,634,600,682,30,24,9.00
600,634,559,647,34,28,9.00
600,634,576,680,32,24,9.00
600,634,614,670,28,26,9.00
600,634,616,669,28,26,9.00
600,634,611,631,28,30,9.00
600,634,592,623,30,31,9.00
600,634,593,581,30,35,9.00
600,634,588,583,31,35,9.00
600,634,624,617,27,31,9.00
600,634,664,629,22,30,9.00
600,634,678,613,21,32,9.00
600,634,644,645,25,28,9.00
600,634,607,652,29,28,9.00
600,634,609,650,29,28,9.00
600,634,596,655,30,27,9.00
600,634,624,628,27,30,9.00
600,634,663,656,23,27,9.00
600,634,681,651,21,28,9.00
600,634,693,672,19,25,9.00
600,634,705,662,18,26,9.00
600,634,702,649,18,28,9.00
600,634,671,676,22,25,9.00
600,634,634,660,26,27,9.00
600,634,615,655,28,27,9.00
600,634,618,677,28,25,9.00
600,634,621,699,27,22,9.00
600,634,616,691,28,23,9.00
600,634,609,686,29,24,9.00
600,634,607,638,29,29,9.00
600,634,605,647,29,28,9.00
600,634,637,671,25,25,9.00
600,634,608,682,29,24,9.00
600,634,577,642,32,29,9.00
600,634,615,630,28,30,9.00
600,634,630,674,26,25,9.00
600,634,602,667,29,26,9.00
600,634,585,679,31,25,9.00
600,634,616,683,28,24,9.00
600,634,583,660,31,27,9.00
600,634,535,674,37,25,9.00
600,634,570,694,33,23,9.00
600,634,605,676,29,25,9.00
600,634,615,658,28,27,9.00
600,634,580,648,32,28,9.00
600,634,574,667,32,26,9.00
600,634,601,672,29,25,9.00
600,634,615,633,28,30,9.00
600,634,613,626,28,30,9.00
600,634,611,602,28,33,9.00
600,634,610,625,28,31,9.00
600,634,615,580,28,36,9.00
600,634,576,621,32,31,9.00
600,634,551,668,35,26,9.00
600,634,564,640,34,29,9.00
600,634,614,640,28,29,9.00
600,634,609,656,29,27,9.00
600,634,632,697,26,23,9.00
600,634,554,827,35,8,9.00
600,634,510,867,40,4,9.00
600,634,524,920,38,0,9.00
600,634,551,904,35,0,9.00
600,634,535,866,37,4,9.00
600,634,537,833,37,7,9.00
600,634,567,758,33,16,9.00
600,634,611,698,28,22,9.00
600,634,718,658,16,27,9.00
600,634,714,658,17,27,9.00
600,634,718,665,16,26,9.00
600,634,603,686,29,24,9.00
600,634,531,743,37,17,9.00
600,634,475,778,43,14,9.00
600,634,474,812,44,10,9.00
600,634,468,794,44,12,9.00
600,634,493,750,41,17,9.00
600,634,506,721,40,20,9.00
600,634,497,695,41,23,9.00
600,634,567,708,33,21,9.00
600,634,577,717,32,20,9.00
600,634,554,742,35,18,9.00
600,634,514,786,39,13,9.00
600,634,517,769,39,15,9.00
600,634,535,764,37,15,9.00
600,634,507,741,40,18,9.00
600,634,530,738,37,18,9.00
600,634,552,718,35,20,9.00
600,634,556,704,34,22,9.00
600,634,568,677,33,25,9.00
600,634,564,688,34,24,9.00
600,634,559,657,34,27,9.00
600,634,551,689,35,23,9.00
600,634,570,672,33,25,9.00
600,634,551,688,35,24,9.00
600,634,536,676,37,25,9.00
600,634,557,675,34,25,9.00
600,634,560,671,34,25,9.00
600,634,552,627,35,30,9.00
600,634,563,664,34,26,9.00
600,634,593,668,30,26,9.00
600,634,602,659,29,27,9.00
600,634,611,666,28,26,9.00
600,634,623,676,27,25,9.00
600,634,652,682,24,24,9.00
600,634,654,686,24,24,9.00
600,634,649,683,24,24,9.00
600,634,646,704,24,22,9.00
600,634,638,666,25,26,9.00
600,634,597,656,30,27,9.00
600,634,624,665,27,26,9.00
600,634,600,682,30,24,9.00
600,634,592,673,30,25,9.00
600,634,584,656,31,27,9.00
600,634,596,654,30,27,9.00
600,634,607,631,29,30,9.00
600,634,611,628,28,30,9.00
600,634,623,664,27,26,9.00
600,634,617,697,28,23,9.00
600,634,607,722,29,20,9.00
600,634,607,744,29,17,9.00
600,634,607,740,29,18,9.00
600,634,575,737,32,18,9.00
600,634,595,731,30,19,9.00
600,634,575,714,32,21,9.00
600,634,577,706,32,22,9.00
600,634,576,720,32,20,9.00
600,634,578,751,32,17,9.00
600,634,583,749,31,17,9.00
600,634,580,726,32,19,9.00
600,634,572,701,33,22,9.00
600,634,566,696,33,23,9.00
600,634,608,702,29,22,9.00
600,634,690,788,20,12,9.00
600,634,860,929,1,0,9.00
600,634,866,928,0,0,9.00
600,634,859,942,1,0,9.00
600,634,863,941,0,0,9.00
600,634,862,921,0,0,9.00
600,634,868,918,0,0,9.00
600,634,870,920,0,0,9.00
600,634,867,920,0,0,9.00
600,634,864,918,0,0,9.00
600,634,864,917,0,0,9.00
600,634,864,917,0,0,9.00
600,634,864,917,0,0,9.00
600,634,864,917,0,0,9.00
600,634,863,916,0,0,9.00
600,634,863,916,0,0,9.00
600,634,863,916,0,0,9.00
600,634,863,916,0,0,9.00
600,634,863,916,0,0,9.00
600,634,863,916,0,0,9.00
600,634,863,915,0,0,9.00
600,634,863,915,0,0,9.00
600,634,863,916,0,0,9.00
600,634,863,916,0,0,9.00
600,634,863,917,0,0,9.00
600,634,863,916,0,0,9.00
600,634,863,916,0,0,9.00
600,634,863,916,0,0,9.00
600,634,863,916,0,0,9.00
600,634,863,916,0,0,9.00
600,634,863,917,0,0,9.00
600,634,863,917,0,0,9.00
600,634,863,917,0,0,9.00
600,634,863,917,0,0,9.00
600,634,864,917,0,0,9.00
600,634,864,917,0,0,9.00
600,634,864,917,0,0,9.00
600,634,864,917,0,0,9.00
600,634,864,917,0,0,9.00
600,634,864,919,0,0,9.00
600,634,864,918,0,0,9.00
600,634,864,918,0,0,9.00
600,634,864,918,0,0,9.00
600,634,864,918,0,0,9.00
600,634,864,918,0,0,9.00
600,634,864,918,0,0,9.00
600,634,863,918,0,0,9.00
600,634,864,918,0,0,9.00
600,634,864,919,0,0,9.00
600,634,864,919,0,0,9.00
600,634,864,919,0,0,9.00
600,634,864,919,0,0,9.00
600,634,864,919,0,0,9.00
600,634,864,919,0,0,9.00
600,634,864,919,0,0,9.00
600,634,864,919,0,0,9.00
600,634,864,919,0,0,9.00
600,634,864,919,0,0,9.00
600,634,864,919,0,0,9.00
600,634,864,919,0,0,9.00
600,634,864,919,0,0,9.00
600,634,864,919,0,0,9.00
600,634,864,919,0,0,9.00
600,634,864,919,0,0,9.00
600,634,864,919,0,0,9.00
600,634,864,919,0,0,9.00
600,634,864,919,0,0,9.00
600,634,864,919,0,0,9.00
600,634,864,919,0,0,9.00
600,634,864,919,0,0,9.00
600,634,864,919,0,0,9.00
600,634,864,919,0,0,9.00
600,634,864,919,0,0,9.00
600,634,864,918,0,0,9.00
600,634,864,919,0,0,9.00
600,634,864,919,0,0,9.00
600,634,864,919,0,0,9.00
600,634,864,919,0,0,9.00
600,634,864,920,0,0,9.00
600,634,864,920,0,0,9.00
600,634,864,920,0,0,9.00
600,634,864,920,0,0,9.00
600,634,864,920,0,0,9.00
600,634,864,920,0,0,9.00
600,634,864,920,0,0,9.00
600,634,864,920,0,0,9.00
600,634,864,920,0,0,9.00
600,634,864,920,0,0,9.00
600,634,864,920,0,0,9.00
600,634,864,920,0,0,9.00
600,634,864,920,0,0,9.00
600,634,864,920,0,0,9.00
600,634,864,920,0,0,9.00
600,634,864,920,0,0,9.00
600,634,864,920,0,0,9.00
600,634,864,920,0,0,9.00
600,634,864,920,0,0,9.00
600,634,864,920,0,0,9.00
600,634,864,920,0,0,9.00
600,634,864,920,0,0,9.00
600,634,864,920,0,0,9.00
600,634,864,920,0,0,9.00
600,634,863,920,0,0,9.00
600,634,863,920,0,0,9.00
600,634,864,920,0,0,9.00
600,634,863,920,0,0,9.00
600,634,864,920,0,0,9.00
600,634,864,920,0,0,9.00
600,634,864,920,0,0,9.00
600,634,863,920,0,0,9.00
600,634,864,920,0,0,9.00
600,634,864,920,0,0,9.00
600,634,864,920,0,0,9.00
600,634,864,920,0,0,9.00
600,634,864,920,0,0,9.00
600,634,864,920,0,0,9.00
600,634,864,920,0,0,9.00
600,634,864,920,0,0,9.00
600,634,864,920,0,0,9.00
600,634,864,920,0,0,9.00
600,634,863,920,0,0,9.00
600,634,864,920,0,0,9.00
600,634,864,920,0,0,9.00
600,634,863,920,0,0,9.00
600,634,863,920,0,0,9.00
600,634,863,920,0,0,9.00
600,634,863,920,0,0,9.00
600,634,863,920,0,0,9.00
600,634,863,920,0,0,9.00
600,634,863,920,0,0,9.00
600,634,863,920,0,0,9.00
600,634,863,920,0,0,9.00
600,634,863,920,0,0,9.00
600,634,863,920,0,0,9.00
600,634,863,919,0,0,9.00
600,634,863,919,0,0,9.00
600,634,863,920,0,0,9.00
600,634,863,919,0,0,9.00
600,634,863,920,0,0,9.00
600,634,863,920,0,0,9.00
600,634,863,919,0,0,9.00
600,634,863,919,0,0,9.00
600,634,863,919,0,0,9.00
600,634,863,920,0,0,9.00
600,634,863,919,0,0,9.00
600,634,863,919,0,0,9.00
600,634,863,919,0,0,9.00
600,634,863,919,0,0,9.00
600,634,863,919,0,0,9.00
600,634,863,919,0,0,9.00
600,634,862,919,0,0,9.00
600,634,862,918,0,0,9.00
600,634,862,918,0,0,9.00
600,634,862,918,0,0,9.00
600,634,862,918,0,0,9.00
600,634,863,919,0,0,9.00
600,634,863,919,0,0,9.00
600,634,863,919,0,0,9.00
600,634,863,919,0,0,9.00
600,634,863,919,0,0,9.00
600,634,863,919,0,0,9.00
600,634,863,918,0,0,9.00
600,634,863,918,0,0,9.00